01100000000001000000000000010100
00000000000001000100000000000000
01100000000010000000000000011100
00000000000010001000000000000000
00000000010010001100001000000000
00000000000011001100000000000000
00000000100001010000001000100000
00000000000100010000000000000000
00100000100101000000000001000000
00000000000101010100000000000000
10101100000100000000001100100000
00000000000100010000000000000000
10001100000110000000001100100000
00000000000110011000000000000000
01100000000111000000000000000000
00000000000111011100000000000000
01100000001000000000000000101000
00000000001000100000000000000000
00000001111000011100001000000000
00000000000111011100000000000000
00100010001000111111111111111100
00000000001000100000000000000000
00010110000000111111111111110100
00000000000000000000000000000000
00010010000000000000000000000100
00000000000000000000000000000000
00000000110111100100001010100000
00000000001001100100000000000000
00101010011001000000000000000000
00000000001001100100000000000000
01100000000001000000000001111100
00000000000001000100000000000000
01100000100110000000000011111100
00000000000001000100000000000000
00000000100011000100001001000000
00000000000001000100000000000000
00000000100011000100001001010000
00000000000001000100000000000000
00110000100001000000000000000100
00000000000001000100000000000000
00110100100001000000000000010000
00000000000001000100000000000000
00000000000111000101000000000000
00000000000001000100000000000000
00000000000101000100100000100000
00000000000001000100000000000000