01100000001000000000000000010100
00000000001000100000000000000000
01100000001100000000000001110100
00000000001100110000000000000000
01100000000011000000000000011100
00000000000011001100000000000000
10101100111000000000001100100000
00000000001000100000000000000000
10101100111100000000000101000000
00000000001100110000000000000000
10001100110001000000001100100000
00000000000001000100000000000000
10001100110010000000000101000000
00000000000010001000000000000000
00000000010010010000001001000000
00000000000100010000000000000000