011000 0000 1000 0000000000000101 00        li $8, 101
000000 0000 1000 1000 0000 000000 0000

011000 0000 1100 0000000000011101 00        li $12, 11101
000000 0000 1100 1100 0000 000000 0000

011000 0000 0011 0000000000000111 00        li $3, 111
000000 0000 0011 0011 0000 000000 0000

101011 0011 1000 0000000011001000 00        sw $8, 100($3)
000000 0000 1000 1000 0000 000000 0000

101011 0011 1100 0000000001010000 00        sw $12, 80($3) 
000000 0000 1100 1100 0000 000000 0000

100011 0011 0001 0000000011001000 00        lw $1, 100($3)
000000 0000 0001 0001 0000 000000 0000

100011 0011 0010 0000000001010000 00        lw $2, 80($3)
000000 0000 0010 0010 0000 000000 0000

000000 0001 0010 0100 0000 100100 0000      and $4, $1, $2
000000 0000 0100 0100 0000 000000 0000